100
1 10000
999999945 999999985
999999996 999999996
1000000000 1000000000
999999908 999999951
999999941 999999989
999999998 999999999
999999917 999999985
999999922 999999937
999999967 999999986
999999952 999999968
999999959 999999981
1000000000 1000000000
999999979 999999999
999999918 999999947
999999929 999999965
999999928 999999931
999999967 999999995
999999912 999999964
999999989 999999993
999999980 999999990
999999900 999999976
999999943 999999960
999999972 999999987
999999921 999999975
999999909 999999999
999999926 999999981
999999942 999999969
999999996 999999998
999999906 999999974
999999991 999999997
999999954 999999978
999999933 999999997
999999954 999999999
999999926 999999985
999999945 999999990
999999948 999999971
999999998 1000000000
999999900 999999968
999999928 999999987
999999961 999999997
999999954 999999963
999999912 999999945
999999954 999999994
999999908 999999967
999999963 999999965
999999972 999999980
999999923 999999982
999999965 999999967
999999935 999999945
999999996 999999998
999999984 999999994
999999954 999999984
999999918 999999939
999999906 999999975
999999967 999999970
999999994 999999998
999999937 999999960
999999982 999999987
999999970 999999976
999999918 999999955
999999984 999999991
999999921 999999938
999999944 999999967
999999928 999999932
999999906 999999928
999999958 999999965
999999987 999999988
999999976 1000000000
999999975 999999994
999999946 999999951
999999945 999999971
999999973 999999977
999999951 999999983
999999972 999999984
999999966 999999989
999999924 999999961
999999963 999999982
999999962 999999984
999999925 999999976
999999933 999999960
999999902 999999973
999999998 999999998
999999935 999999976
999999933 999999978
999999979 999999986
999999942 999999946
999999915 999999928
999999971 999999978
999999989 999999992
999999968 999999988
999999901 999999933
999999951 999999959
999999957 999999967
999999930 999999931
999999971 999999981
999999987 999999993
999999955 999999976
999999919 999999948
999999961 999999999